time,step-size,{bodyFMU}.body.robot_theta,{bodyFMU}.body.robot_x,{bodyFMU}.body.robot_y,{bodyFMU}.body.robot_z,{controllerFMU}.controller.servoLeftVal,{controllerFMU}.controller.servoRightVal,{sensorFMU}.sensor1.lf_1_sensor_fail_flag,{sensorFMU}.sensor1.lf_1_sensor_reading,{sensorFMU}.sensor2.lf_1_sensor_fail_flag,{sensorFMU}.sensor2.lf_1_sensor_reading
0.0,0.0,0.0,0.148,-0.08,0.0,0.0,0.0,false,1.0000000000000002,false,0.0
0.5,0.5,0.0,0.148,-0.08,0.0,0.0,0.0,false,254.00000000000006,false,254.00000000000006
1.0,0.5,0.0,0.148,-0.08,0.0,0.0,0.0,false,254.00000000000006,false,254.00000000000006
1.5,0.5,0.0,0.148,-0.08,0.0,0.0,0.0,false,254.00000000000006,false,254.00000000000006
2.0,0.5,0.0,0.148,-0.08,0.0,0.0,0.0,false,255.00000000000006,false,254.00000000000006
2.5,0.5,0.0,0.148,-0.08,0.0,0.0,0.0,false,254.00000000000006,false,254.00000000000006
3.0,0.5,0.0,0.148,-0.08,0.0,0.0,0.0,false,254.00000000000006,false,254.00000000000006
3.5,0.5,0.0,0.148,-0.08,0.0,0.0,0.0,false,254.00000000000006,false,254.00000000000006
4.0,0.5,0.0,0.148,-0.08,0.0,0.0,0.0,false,255.00000000000006,false,254.00000000000006
4.5,0.5,0.0,0.148,-0.08,0.0,0.0,0.0,false,254.00000000000006,false,255.00000000000006
5.0,0.5,0.0,0.148,-0.08,0.0,0.0,0.0,false,254.00000000000006,false,254.00000000000006
5.5,0.5,0.0,0.148,-0.08,0.0,0.0,0.0,false,254.00000000000006,false,254.00000000000006
6.0,0.5,0.0,0.148,-0.08,0.0,0.0,0.0,false,254.00000000000006,false,254.00000000000006
6.5,0.5,0.0,0.148,-0.08,0.0,0.0,0.0,false,254.00000000000006,false,254.00000000000006
7.0,0.5,0.0,0.148,-0.08,0.0,0.0,0.0,false,254.00000000000006,false,254.00000000000006
7.5,0.5,0.0,0.148,-0.08,0.0,0.0,0.0,false,254.00000000000006,false,255.00000000000006
8.0,0.5,0.0,0.148,-0.08,0.0,0.0,0.0,false,254.00000000000006,false,255.00000000000006
8.5,0.5,0.0,0.148,-0.08,0.0,0.0,0.0,false,254.00000000000006,false,254.00000000000006
9.0,0.5,0.0,0.148,-0.08,0.0,0.0,0.0,false,255.00000000000006,false,254.00000000000006
9.5,0.5,0.0,0.148,-0.08,0.0,0.0,0.0,false,254.00000000000006,false,254.00000000000006
10.0,0.5,0.0,0.148,-0.08,0.0,0.0,0.0,false,255.00000000000006,false,254.00000000000006
10.5,0.5,0.0,0.148,-0.08,0.0,0.0,0.0,false,254.00000000000006,false,254.00000000000006
11.0,0.5,0.0,0.148,-0.08,0.0,0.0,0.0,false,254.00000000000006,false,254.00000000000006
11.5,0.5,0.0,0.148,-0.08,0.0,0.0,0.0,false,254.00000000000006,false,254.00000000000006
12.0,0.5,0.0,0.148,-0.08,0.0,0.0,0.0,false,255.00000000000006,false,254.00000000000006
12.5,0.5,0.0,0.148,-0.08,0.0,0.0,0.0,false,254.00000000000006,false,254.00000000000006
13.0,0.5,0.0,0.148,-0.08,0.0,0.0,0.0,false,254.00000000000006,false,255.00000000000006
13.5,0.5,0.0,0.148,-0.08,0.0,0.0,0.0,false,254.00000000000006,false,255.00000000000006
14.0,0.5,0.0,0.148,-0.08,0.0,0.0,0.0,false,255.00000000000006,false,254.00000000000006
14.5,0.5,0.0,0.148,-0.08,0.0,0.0,0.0,false,254.00000000000006,false,254.00000000000006
15.0,0.5,0.0,0.148,-0.08,0.0,0.0,0.0,false,255.00000000000006,false,254.00000000000006
15.5,0.5,0.0,0.148,-0.08,0.0,0.0,0.0,false,254.00000000000006,false,254.00000000000006
16.0,0.5,0.0,0.148,-0.08,0.0,0.0,0.0,false,254.00000000000006,false,254.00000000000006
16.5,0.5,0.0,0.148,-0.08,0.0,0.0,0.0,false,254.00000000000006,false,254.00000000000006
17.0,0.5,0.0,0.148,-0.08,0.0,0.0,0.0,false,254.00000000000006,false,254.00000000000006
17.5,0.5,0.0,0.148,-0.08,0.0,0.0,0.0,false,255.00000000000006,false,255.00000000000006
18.0,0.5,0.0,0.148,-0.08,0.0,0.0,0.0,false,254.00000000000006,false,255.00000000000006
18.5,0.5,0.0,0.148,-0.08,0.0,0.0,0.0,false,254.00000000000006,false,254.00000000000006
19.0,0.5,0.0,0.148,-0.08,0.0,0.0,0.0,false,254.00000000000006,false,254.00000000000006
19.5,0.5,0.0,0.148,-0.08,0.0,0.0,0.0,false,254.00000000000006,false,254.00000000000006
20.0,0.5,0.0,0.148,-0.08,0.0,0.0,0.0,false,255.00000000000006,false,254.00000000000006
20.5,0.5,0.0,0.148,-0.08,0.0,0.0,0.0,false,255.00000000000006,false,254.00000000000006
21.0,0.5,0.0,0.148,-0.08,0.0,0.0,0.0,false,254.00000000000006,false,255.00000000000006
21.5,0.5,0.0,0.148,-0.08,0.0,0.0,0.0,false,254.00000000000006,false,254.00000000000006
22.0,0.5,0.0,0.148,-0.08,0.0,0.0,0.0,false,254.00000000000006,false,254.00000000000006
22.5,0.5,0.0,0.148,-0.08,0.0,0.0,0.0,false,255.00000000000006,false,254.00000000000006
23.0,0.5,0.0,0.148,-0.08,0.0,0.0,0.0,false,255.00000000000006,false,255.00000000000006
23.5,0.5,0.0,0.148,-0.08,0.0,0.0,0.0,false,255.00000000000006,false,255.00000000000006
24.0,0.5,0.0,0.148,-0.08,0.0,0.0,0.0,false,255.00000000000006,false,255.00000000000006
24.5,0.5,0.0,0.148,-0.08,0.0,0.0,0.0,false,254.00000000000006,false,255.00000000000006
25.0,0.5,0.0,0.148,-0.08,0.0,0.0,0.0,false,254.00000000000006,false,254.00000000000006
25.5,0.5,0.0,0.148,-0.08,0.0,0.0,0.0,false,254.00000000000006,false,254.00000000000006
26.0,0.5,0.0,0.148,-0.08,0.0,0.0,0.0,false,255.00000000000006,false,254.00000000000006
26.5,0.5,0.0,0.148,-0.08,0.0,0.0,0.0,false,254.00000000000006,false,255.00000000000006
27.0,0.5,0.0,0.148,-0.08,0.0,0.0,0.0,false,254.00000000000006,false,254.00000000000006
27.5,0.5,0.0,0.148,-0.08,0.0,0.0,0.0,false,254.00000000000006,false,254.00000000000006
28.0,0.5,0.0,0.148,-0.08,0.0,0.0,0.0,false,254.00000000000006,false,254.00000000000006
28.5,0.5,0.0,0.148,-0.08,0.0,0.0,0.0,false,254.00000000000006,false,254.00000000000006
29.0,0.5,0.0,0.148,-0.08,0.0,0.0,0.0,false,255.00000000000006,false,254.00000000000006
29.5,0.5,0.0,0.148,-0.08,0.0,0.0,0.0,false,254.00000000000006,false,254.00000000000006
30.0,0.5,0.0,0.148,-0.08,0.0,0.0,0.0,false,255.00000000000006,false,255.00000000000006
30.5,0.5,0.0,0.148,-0.08,0.0,0.0,0.0,false,255.00000000000006,false,255.00000000000006
31.0,0.5,0.0,0.148,-0.08,0.0,0.0,0.0,false,254.00000000000006,false,254.00000000000006
31.5,0.5,0.0,0.148,-0.08,0.0,0.0,0.0,false,254.00000000000006,false,254.00000000000006
32.0,0.5,0.0,0.148,-0.08,0.0,0.0,0.0,false,255.00000000000006,false,254.00000000000006
32.5,0.5,0.0,0.148,-0.08,0.0,0.0,0.0,false,254.00000000000006,false,254.00000000000006
33.0,0.5,0.0,0.148,-0.08,0.0,0.0,0.0,false,255.00000000000006,false,254.00000000000006
33.5,0.5,0.0,0.148,-0.08,0.0,0.0,0.0,false,254.00000000000006,false,254.00000000000006
34.0,0.5,0.0,0.148,-0.08,0.0,0.0,0.0,false,254.00000000000006,false,255.00000000000006
34.5,0.5,0.0,0.148,-0.08,0.0,0.0,0.0,false,254.00000000000006,false,254.00000000000006
35.0,0.5,0.0,0.148,-0.08,0.0,0.0,0.0,false,254.00000000000006,false,255.00000000000006
35.5,0.5,0.0,0.148,-0.08,0.0,0.0,0.0,false,254.00000000000006,false,255.00000000000006
36.0,0.5,0.0,0.148,-0.08,0.0,0.0,0.0,false,254.00000000000006,false,254.00000000000006
36.5,0.5,0.0,0.148,-0.08,0.0,0.0,0.0,false,254.00000000000006,false,254.00000000000006
37.0,0.5,0.0,0.148,-0.08,0.0,0.0,0.0,false,254.00000000000006,false,254.00000000000006
37.5,0.5,0.0,0.148,-0.08,0.0,0.0,0.0,false,255.00000000000006,false,254.00000000000006
38.0,0.5,0.0,0.148,-0.08,0.0,0.0,0.0,false,255.00000000000006,false,254.00000000000006
38.5,0.5,0.0,0.148,-0.08,0.0,0.0,0.0,false,255.00000000000006,false,254.00000000000006
39.0,0.5,0.0,0.148,-0.08,0.0,0.0,0.0,false,254.00000000000006,false,255.00000000000006
39.5,0.5,0.0,0.148,-0.08,0.0,0.0,0.0,false,254.00000000000006,false,254.00000000000006
40.0,0.5,0.0,0.148,-0.08,0.0,0.0,0.0,false,254.00000000000006,false,255.00000000000006
40.5,0.5,0.0,0.148,-0.08,0.0,0.0,0.0,false,255.00000000000006,false,254.00000000000006
41.0,0.5,0.0,0.148,-0.08,0.0,0.0,0.0,false,255.00000000000006,false,254.00000000000006
41.5,0.5,0.0,0.148,-0.08,0.0,0.0,0.0,false,255.00000000000006,false,254.00000000000006
42.0,0.5,0.0,0.148,-0.08,0.0,0.0,0.0,false,254.00000000000006,false,255.00000000000006
42.5,0.5,0.0,0.148,-0.08,0.0,0.0,0.0,false,255.00000000000006,false,254.00000000000006
43.0,0.5,0.0,0.148,-0.08,0.0,0.0,0.0,false,254.00000000000006,false,254.00000000000006
43.5,0.5,0.0,0.148,-0.08,0.0,0.0,0.0,false,255.00000000000006,false,255.00000000000006
44.0,0.5,0.0,0.148,-0.08,0.0,0.0,0.0,false,254.00000000000006,false,254.00000000000006
44.5,0.5,0.0,0.148,-0.08,0.0,0.0,0.0,false,254.00000000000006,false,254.00000000000006
45.0,0.5,0.0,0.148,-0.08,0.0,0.0,0.0,false,254.00000000000006,false,255.00000000000006
45.5,0.5,0.0,0.148,-0.08,0.0,0.0,0.0,false,254.00000000000006,false,254.00000000000006
46.0,0.5,0.0,0.148,-0.08,0.0,0.0,0.0,false,254.00000000000006,false,254.00000000000006
46.5,0.5,0.0,0.148,-0.08,0.0,0.0,0.0,false,254.00000000000006,false,254.00000000000006
47.0,0.5,0.0,0.148,-0.08,0.0,0.0,0.0,false,255.00000000000006,false,254.00000000000006
47.5,0.5,0.0,0.148,-0.08,0.0,0.0,0.0,false,255.00000000000006,false,254.00000000000006
48.0,0.5,0.0,0.148,-0.08,0.0,0.0,0.0,false,254.00000000000006,false,255.00000000000006
48.5,0.5,0.0,0.148,-0.08,0.0,0.0,0.0,false,255.00000000000006,false,255.00000000000006
49.0,0.5,0.0,0.148,-0.08,0.0,0.0,0.0,false,254.00000000000006,false,255.00000000000006
49.5,0.5,0.0,0.148,-0.08,0.0,0.0,0.0,false,254.00000000000006,false,254.00000000000006
50.0,0.5,0.0,0.148,-0.08,0.0,0.0,0.0,false,254.00000000000006,false,255.00000000000006
50.5,0.5,0.0,0.148,-0.08,0.0,0.0,0.0,false,254.00000000000006,false,254.00000000000006
51.0,0.5,0.0,0.148,-0.08,0.0,0.0,0.0,false,254.00000000000006,false,255.00000000000006
51.5,0.5,0.0,0.148,-0.08,0.0,0.0,0.0,false,254.00000000000006,false,254.00000000000006
52.0,0.5,0.0,0.148,-0.08,0.0,0.0,0.0,false,254.00000000000006,false,255.00000000000006
52.5,0.5,0.0,0.148,-0.08,0.0,0.0,0.0,false,254.00000000000006,false,254.00000000000006
53.0,0.5,0.0,0.148,-0.08,0.0,0.0,0.0,false,255.00000000000006,false,254.00000000000006
53.5,0.5,0.0,0.148,-0.08,0.0,0.0,0.0,false,254.00000000000006,false,254.00000000000006
54.0,0.5,0.0,0.148,-0.08,0.0,0.0,0.0,false,254.00000000000006,false,254.00000000000006
54.5,0.5,0.0,0.148,-0.08,0.0,0.0,0.0,false,254.00000000000006,false,254.00000000000006
55.0,0.5,0.0,0.148,-0.08,0.0,0.0,0.0,false,255.00000000000006,false,254.00000000000006
55.5,0.5,0.0,0.148,-0.08,0.0,0.0,0.0,false,254.00000000000006,false,254.00000000000006
56.0,0.5,0.0,0.148,-0.08,0.0,0.0,0.0,false,254.00000000000006,false,254.00000000000006
56.5,0.5,0.0,0.148,-0.08,0.0,0.0,0.0,false,254.00000000000006,false,254.00000000000006
57.0,0.5,0.0,0.148,-0.08,0.0,0.0,0.0,false,254.00000000000006,false,254.00000000000006
57.5,0.5,0.0,0.148,-0.08,0.0,0.0,0.0,false,254.00000000000006,false,254.00000000000006
58.0,0.5,0.0,0.148,-0.08,0.0,0.0,0.0,false,254.00000000000006,false,254.00000000000006
58.5,0.5,0.0,0.148,-0.08,0.0,0.0,0.0,false,254.00000000000006,false,255.00000000000006
59.0,0.5,0.0,0.148,-0.08,0.0,0.0,0.0,false,255.00000000000006,false,254.00000000000006
59.5,0.5,0.0,0.148,-0.08,0.0,0.0,0.0,false,255.00000000000006,false,254.00000000000006
60.0,0.5,0.0,0.148,-0.08,0.0,0.0,0.0,false,254.00000000000006,false,254.00000000000006
